chr17	40000000	40050000	0.512020
chr17	40050000	40100000	0.541680
chr17	40150000	40200000	0.493440
chr17	40250000	40300000	0.454620
chr17	40300000	40350000	0.544820
chr17	40400000	40450000	0.469060
chr17	40450000	40500000	0.526940
chr17	40550000	40600000	0.453540
chr17	40650000	40700000	0.390500
chr17	40700000	40750000	0.405860
chr17	40800000	40850000	0.391280
chr17	40900000	40950000	0.421060
chr17	40950000	41000000	0.394320
chr17	41050000	41100000	0.402360
chr17	41100000	41150000	0.395280
chr17	41200000	41250000	0.405820
chr17	41300000	41350000	0.470620
chr17	41350000	41400000	0.432520
chr17	41450000	41500000	0.494040
chr17	41550000	41600000	0.503640
chr17	41600000	41650000	0.537640
chr17	41700000	41750000	0.520040
chr17	41750000	41800000	0.538420
chr17	41850000	41900000	0.481340
chr17	41950000	42000000	0.493120
chr17	42000000	42050000	0.498980
chr17	42100000	42150000	0.526300
chr17	42150000	42200000	0.540000
chr17	42250000	42300000	0.463520
chr17	42350000	42400000	0.448780
chr17	42400000	42450000	0.488280
chr17	42500000	42550000	0.514880
chr17	42600000	42650000	0.470720
chr17	42650000	42700000	0.548180
chr17	42750000	42800000	0.511980
chr17	42800000	42850000	0.463040
chr17	42900000	42950000	0.453240
chr17	43000000	43050000	0.507380
chr17	43050000	43100000	0.423880
chr17	43150000	43200000	0.440640
chr17	43200000	43250000	0.513840
chr17	43300000	43350000	0.470980
chr17	43400000	43450000	0.463960
chr17	43450000	43500000	0.454640
chr17	43550000	43600000	0.486660
chr17	43650000	43700000	0.508320
chr17	43700000	43750000	0.481160
chr17	43800000	43850000	0.486180
chr17	43850000	43900000	0.499740
chr17	43950000	44000000	0.485460
chr17	44050000	44100000	0.521320
chr17	44100000	44150000	0.526580
chr17	44200000	44250000	0.534480
chr17	44250000	44300000	0.522840
chr17	44350000	44400000	0.542640
chr17	44450000	44500000	0.398680
chr17	44500000	44550000	0.490360
chr17	44600000	44650000	0.471120
chr17	44700000	44750000	0.468760
chr17	44750000	44800000	0.549240
chr17	44850000	44900000	0.463500
chr17	44900000	44950000	0.517060
chr17	45000000	45050000	0.520980
chr17	45100000	45150000	0.561280
chr17	45150000	45200000	0.495560
chr17	45250000	45300000	0.518820
chr17	45300000	45350000	0.479360
chr17	45400000	45450000	0.543780
chr17	45500000	45550000	0.437380
chr17	45550000	45600000	0.436640
chr17	45650000	45700000	0.477980
chr17	45750000	45800000	0.520060
chr17	45800000	45850000	0.554480
chr17	45900000	45950000	0.470880
chr17	45950000	46000000	0.506500
chr17	46050000	46100000	0.390280
chr17	46150000	46200000	0.413180
chr17	46200000	46250000	0.445980
chr17	46300000	46350000	0.429140
chr17	46400000	46450000	0.380020
chr17	46450000	46500000	0.385000
chr17	46550000	46600000	0.446200
chr17	46600000	46650000	0.382900
chr17	46700000	46750000	0.390280
chr17	46800000	46850000	0.522180
chr17	46850000	46900000	0.514140
chr17	46950000	47000000	0.484400
chr17	47000000	47050000	0.427180
chr17	47100000	47150000	0.415000
chr17	47200000	47250000	0.460800
chr17	47250000	47300000	0.467720
chr17	47350000	47400000	0.384400
chr17	47450000	47500000	0.437500
chr17	47500000	47550000	0.452780
chr17	47600000	47650000	0.433240
chr17	47650000	47700000	0.459020
chr17	47750000	47800000	0.436780
chr17	47850000	47900000	0.521100
chr17	47900000	47950000	0.487280
chr17	48000000	48050000	0.499020
chr17	48050000	48100000	0.472120
chr17	48150000	48200000	0.416080
chr17	48250000	48300000	0.370760
chr17	48300000	48350000	0.362520
chr17	48400000	48450000	0.415220
chr17	48500000	48550000	0.473300
chr17	48550000	48600000	0.528660
chr17	48650000	48700000	0.431220
chr17	48700000	48750000	0.480180
chr17	48800000	48850000	0.460700
chr17	48900000	48950000	0.473340
chr17	48950000	49000000	0.479480
chr17	49050000	49100000	0.461280
chr17	49100000	49150000	0.435680
chr17	49200000	49250000	0.515700
chr17	49300000	49350000	0.417200
chr17	49350000	49400000	0.462760
chr17	49450000	49500000	0.535740
chr17	49550000	49600000	0.514580
chr17	49600000	49650000	0.403000
chr17	49700000	49750000	0.472500
chr17	49750000	49800000	0.454740
chr17	49850000	49900000	0.537280
chr17	49950000	50000000	0.542040
chr17	40100000	40150000	0.485280
chr17	40200000	40250000	0.464000
chr17	40350000	40400000	0.493800
chr17	40500000	40550000	0.497000
chr17	40600000	40650000	0.424580
chr17	40750000	40800000	0.396540
chr17	41000000	41050000	0.396200
chr17	41150000	41200000	0.396660
chr17	41250000	41300000	0.400460
chr17	41400000	41450000	0.462520
chr17	41500000	41550000	0.527520
chr17	41650000	41700000	0.515100
chr17	41800000	41850000	0.519040
chr17	42050000	42100000	0.533120
chr17	42200000	42250000	0.454720
chr17	42300000	42350000	0.485960
chr17	42450000	42500000	0.436860
chr17	42550000	42600000	0.505340
chr17	42700000	42750000	0.455760
chr17	42850000	42900000	0.496000
chr17	43100000	43150000	0.456120
chr17	43250000	43300000	0.559580
chr17	43350000	43400000	0.482920
chr17	43500000	43550000	0.481280
chr17	43600000	43650000	0.494720
chr17	43750000	43800000	0.476440
chr17	43900000	43950000	0.522240
chr17	44150000	44200000	0.535640
chr17	44300000	44350000	0.533720
chr17	44400000	44450000	0.411480
chr17	44550000	44600000	0.486120
chr17	44650000	44700000	0.417500
chr17	44800000	44850000	0.465120
chr17	44950000	45000000	0.535960
chr17	45200000	45250000	0.541180
chr17	45350000	45400000	0.492960
chr17	45450000	45500000	0.489340
chr17	45600000	45650000	0.465360
chr17	45700000	45750000	0.474720
chr17	45850000	45900000	0.482640
chr17	46000000	46050000	0.479680
chr17	46250000	46300000	0.461000
chr17	46350000	46400000	0.419480
chr17	46500000	46550000	0.424480
chr17	46650000	46700000	0.378580
chr17	46750000	46800000	0.509560
chr17	46900000	46950000	0.472440
chr17	47050000	47100000	0.430480
chr17	47300000	47350000	0.399780
chr17	47400000	47450000	0.375720
chr17	47550000	47600000	0.395640
chr17	47700000	47750000	0.538120
chr17	47800000	47850000	0.543960
chr17	47950000	48000000	0.511420
chr17	48100000	48150000	0.468620
chr17	48350000	48400000	0.386400
chr17	48450000	48500000	0.453140
chr17	48600000	48650000	0.529120
chr17	48750000	48800000	0.473400
chr17	48850000	48900000	0.462120
chr17	49000000	49050000	0.468720
chr17	49150000	49200000	0.464960
chr17	49400000	49450000	0.479540
chr17	49500000	49550000	0.514500
chr17	49650000	49700000	0.436300
chr17	49800000	49850000	0.446500
chr17	49900000	49950000	0.549200
chr17	40850000	40900000	0.397060
chr17	42950000	43000000	0.478860
chr17	44000000	44050000	0.498120
chr17	45050000	45100000	0.480260
chr17	46100000	46150000	0.400260
chr17	47150000	47200000	0.395580
chr17	48200000	48250000	0.398300
chr17	49250000	49300000	0.469540
chr17	41900000	41950000	0.506200
